30250480
30251380
30258316
30241998
30101711
30003950
30291038
30236169
30158665
30010123
30010132
30297283
30238462
30266683
30180983
30175976
30243772
30106219
30149447
30252044
30028955
30198597
30068735
30213841
30101706
30227888
30031227
30053845
30237454
30227819
30089620
30198423
30010127
30056424
30153862
30246863
30291623
30276808
30059692
30159547
30244005
30072954
30245275
29983487
30248053
30050429
30088792
30029360
30281038
30216447
30186306
30222606
30193214
30102630
30174138
29991443
30124447
30138767
29988355
30270816
30090849
30268822
30103190
30298179
30003951
30243986
30282367
30157425
30090689
30297701
30177276
29974866
30282363
30277226
30149459
29997191
30031811
30114415
30211293
30181149
30198770
30160188
30207429
30255758
30243157
29972284
30026235
30149288
30108425
30135715
30263001
30045755
30201100
30136680
30007793
30095442
30201812
30207232
